46
7
46
47
46
1
1
6
21
720
6
17
29
43
71
101
1
0
1
6
21
720
6
88805
138386
293767
732740
956489
1926550
1
1
1
6
1
1
1
1
1
1
46
47
1
1
6
21
720
45
0
45
270
45
47
1
1
1
1
1
1
12
13
1
1
1
1
1
1
6
21
720
1
1
1
1
1
1
922
1
1
2
1
1
46
7
46
47
46
1
1
6
21
720
6
17
29
43
71
101
1
0
1
6
21
720
6
91810
143643
303604
751693
982086
1968415
1
1
1
6
1
1
1
1
1
1
46
47
1
1
6
21
720
45
0
45
270
45
47
1
1
1
1
1
1
12
13
1
1
1
1
1
1
6
21
720
1
1
1
1
1
1
922
1
1
2
1
1
46
7
46
47
46
1
1
6
21
720
6
17
29
43
71
101
1
0
1
6
21
720
6
94865
148998
313603
770888
1008021
2010730
1
1
1
6
1
1
1
1
1
1
46
47
1
1
6
21
720
45
0
45
270
45
47
1
1
1
1
1
1
12
13
1
1
1
1
1
1
6
21
720
1
1
1
1
1
1
922
1
1
2
1
1
46
7
46
47
46
1
1
6
21
720
6
17
29
43
71
101
1
0
1
6
21
720
6
97970
154451
323764
790325
1034294
2053495
1
1
1
6
1
1
1
1
1
1
46
47
1
1
6
21
720
45
0
45
270
45
47
1
1
1
1
1
1
12
13
1
1
1
1
1
1
6
21
720
1
1
1
1
1
1
922
1
1
2
1
1
46
7
46
47
46
1
1
6
21
720
6
17
29
43
71
101
1
0
1
6
21
720
6
101125
160002
334087
810004
1060905
2096710
1
1
1
6
1
1
1
1
1
1
46
47
1
1
6
21
720
45
0
45
270
45
47
1
1
1
1
1
1
12
13
1
1
1
1
1
1
6
21
720
1
1
1
1
1
1
922
1
1
2
1
1
46
7
46
47
46
1
1
6
21
720
6
17
29
43
71
101
1
0
1
6
21
720
6
104330
165651
344572
829925
1087854
2140375
1
1
1
6
1
1
1
1
1
1
46
47
1
1
6
21
720
45
0
45
270
45
47
1
1
1
1
1
1
12
13
1
1
1
1
1
1
6
21
720
1
1
1
1
1
1
922
1
1
2
1
1
46
7
46
47
46
1
1
6
21
720
6
17
29
43
71
101
1
0
1
6
21
720
6
107585
171398
355219
850088
1115141
2184490
1
1
1
6
1
1
1
1
1
1
46
47
1
1
6
21
720
45
0
45
270
45
47
1
1
1
1
1
1
12
13
1
1
1
1
1
1
6
21
720
1
1
1
1
1
1
922
1
1
2
1
1
46
7
46
47
46
1
1
6
21
720
6
17
29
43
71
101
1
0
1
6
21
720
6
110890
177243
366028
870493
1142766
2229055
1
1
1
6
1
1
1
1
1
1
46
47
1
1
6
21
720
45
0
45
270
45
47
1
1
1
1
1
1
12
13
1
1
1
1
1
1
6
21
720
1
1
1
1
1
1
922
1
1
2
1
1
46
7
46
47
46
1
1
6
21
720
6
17
29
43
71
101
1
0
1
6
21
720
6
114245
183186
376999
891140
1170729
2274070
1
1
1
6
1
1
1
1
1
1
46
47
1
1
6
21
720
45
0
45
270
45
47
1
1
1
1
1
1
12
13
1
1
1
1
1
1
6
21
720
1
1
1
1
1
1
922
1
1
2
1
1
46
7
46
47
46
1
1
6
21
720
6
17
29
43
71
101
1
0
1
6
21
720
6
117650
189227
388132
912029
1199030
2319535
1
1
1
6
1
1
1
1
1
1
46
47
1
1
6
21
720
45
0
45
270
45
47
1
1
1
1
1
1
12
13
1
1
1
1
1
1
6
21
720
1
1
1
1
1
1
922
1
1
2
1
1
46
7
46
47
46
1
1
6
21
720
6
17
29
43
71
101
1
0
1
6
21
720
6
121105
195366
399427
933160
1227669
2365450
1
1
1
6
1
1
1
1
1
1
46
47
1
1
6
21
720
45
0
45
270
45
47
1
1
1
1
1
1
12
13
1
1
1
1
1
1
6
21
720
1
1
1
1
1
1
922
1
1
2
1
1
46
7
46
47
46
1
1
6
21
720
6
17
29
43
71
101
1
0
1
6
21
720
6
124610
201603
410884
954533
1256646
2411815
1
1
1
6
1
1
1
1
1
1
46
47
1
1
6
21
720
45
0
45
270
45
47
1
1
1
1
1
1
12
13
1
1
1
1
1
1
6
21
720
1
1
1
1
1
1
922
1
1
2
1
1
46
7
46
47
46
1
1
6
21
720
6
17
29
43
71
101
1
0
1
6
21
720
6
128165
207938
422503
976148
1285961
2458630
1
1
1
6
1
1
1
1
1
1
46
47
1
1
6
21
720
45
0
45
270
45
47
1
1
1
1
1
1
12
13
1
1
1
1
1
1
6
21
720
1
1
1
1
1
1
922
1
1
2
1
1
46
7
46
47
46
1
1
6
21
720
6
17
29
43
71
101
1
0
1
6
21
720
6
91205
142131
300307
744773
972201
1951615
1
1
1
6
1
1
1
1
1
1
46
47
1
1
6
21
720
45
0
45
270
45
47
1
1
1
1
1
1
12
13
1
1
1
1
1
1
6
21
720
1
1
1
1
1
1
922
1
1
2
1
1
46
7
46
47
46
1
1
6
21
720
6
17
29
43
71
101
1
0
1
6
21
720
6
94250
147458
310252
763880
998006
1993750
1
1
1
6
1
1
1
1
1
1
46
47
1
1
6
21
720
45
0
45
270
45
47
1
1
1
1
1
1
12
13
1
1
1
1
1
1
6
21
720
1
1
1
1
1
1
922
1
1
2
1
1
46
7
46
47
46
1
1
6
21
720
6
17
29
43
71
101
1
0
1
6
21
720
6
97345
152883
320359
783229
1024149
2036335
1
1
1
6
1
1
1
1
1
1
46
47
1
1
6
21
720
45
0
45
270
45
47
1
1
1
1
1
1
12
13
1
1
1
1
1
1
6
21
720
1
1
1
1
1
1
922
1
1
2
1
1
46
7
46
47
46
1
1
6
21
720
6
17
29
43
71
101
1
0
1
6
21
720
6
100490
158406
330628
802820
1050630
2079370
1
1
1
6
1
1
1
1
1
1
46
47
1
1
6
21
720
45
0
45
270
45
47
1
1
1
1
1
1
12
13
1
1
1
1
1
1
6
21
720
1
1
1
1
1
1
922
1
1
2
1
1
46
7
46
47
46
1
1
6
21
720
6
17
29
43
71
101
1
0
1
6
21
720
6
103685
164027
341059
822653
1077449
2122855
1
1
1
6
1
1
1
1
1
1
46
47
1
1
6
21
720
45
0
45
270
45
47
1
1
1
1
1
1
12
13
1
1
1
1
1
1
6
21
720
1
1
1
1
1
1
922
1
1
2
1
1
46
7
46
47
46
1
1
6
21
720
6
17
29
43
71
101
1
0
1
6
21
720
6
106930
169746
351652
842728
1104606
2166790
1
1
1
6
1
1
1
1
1
1
46
47
1
1
6
21
720
45
0
45
270
45
47
1
1
1
1
1
1
12
13
1
1
1
1
1
1
6
21
720
1
1
1
1
1
1
922
1
1
2
1
1
46
7
46
47
46
1
1
6
21
720
6
17
29
43
71
101
1
0
1
6
21
720
6
110225
175563
362407
863045
1132101
2211175
1
1
1
6
1
1
1
1
1
1
46
47
1
1
6
21
720
45
0
45
270
45
47
1
1
1
1
1
1
12
13
1
1
1
1
1
1
6
21
720
1
1
1
1
1
1
922
1
1
2
1
1
46
7
46
47
46
1
1
6
21
720
6
17
29
43
71
101
1
0
1
6
21
720
6
113570
181478
373324
883604
1159934
2256010
1
1
1
6
1
1
1
1
1
1
46
47
1
1
6
21
720
45
0
45
270
45
47
1
1
1
1
1
1
12
13
1
1
1
1
1
1
6
21
720
1
1
1
1
1
1
922
1
1
2
1
1
46
7
46
47
46
1
1
6
21
720
6
17
29
43
71
101
1
0
1
6
21
720
6
116965
187491
384403
904405
1188105
2301295
1
1
1
6
1
1
1
1
1
1
46
47
1
1
6
21
720
45
0
45
270
45
47
1
1
1
1
1
1
12
13
1
1
1
1
1
1
6
21
720
1
1
1
1
1
1
922
1
1
2
1
1
46
7
46
47
46
1
1
6
21
720
6
17
29
43
71
101
1
0
1
6
21
720
6
120410
193602
395644
925448
1216614
2347030
1
1
1
6
1
1
1
1
1
1
46
47
1
1
6
21
720
45
0
45
270
45
47
1
1
1
1
1
1
12
13
1
1
1
1
1
1
6
21
720
1
1
1
1
1
1
922
1
1
2
1
1
46
7
46
47
46
1
1
6
21
720
6
17
29
43
71
101
1
0
1
6
21
720
6
123905
199811
407047
946733
1245461
2393215
1
1
1
6
1
1
1
1
1
1
46
47
1
1
6
21
720
45
0
45
270
45
47
1
1
1
1
1
1
12
13
1
1
1
1
1
1
6
21
720
1
1
1
1
1
1
922
1
1
2
1
1
46
7
46
47
46
1
1
6
21
720
6
17
29
43
71
101
1
0
1
6
21
720
6
127450
206118
418612
968260
1274646
2439850
1
1
1
6
1
1
1
1
1
1
46
47
1
1
6
21
720
45
0
45
270
45
47
1
1
1
1
1
1
12
13
1
1
1
1
1
1
6
21
720
1
1
1
1
1
1
922
1
1
2
1
1
46
7
46
47
46
1
1
6
21
720
6
17
29
43
71
101
1
0
1
6
21
720
6
131045
212523
430339
990029
1304169
2486935
1
1
1
6
1
1
1
1
1
1
46
47
1
1
6
21
720
45
0
45
270
45
47
1
1
1
1
1
1
12
13
1
1
1
1
1
1
6
21
720
1
1
1
1
1
1
922
1
1
2
1
1
46
7
46
47
46
1
1
6
21
720
6
17
29
43
71
101
1
0
1
6
21
720
6
134690
219026
442228
1012040
1334030
2534470
1
1
1
6
1
1
1
1
1
1
46
47
1
1
6
21
720
45
0
45
270
45
47
1
1
1
1
1
1
12
13
1
1
1
1
1
1
6
21
720
1
1
1
1
1
1
922
1
1
2
1
1
46
7
46
47
46
1
1
6
21
720
6
17
29
43
71
101
1
0
1
6
21
720
6
1
1
1
6
1
1
1
1
1
1
46
47
1
1
6
21
720
45
0
45
270
45
47
1
1
1
1
1
1
12
13
1
1
1
1
1
1
6
21
720
1
10
1
1
1
1
5000
-4
2
-15058211
-15054533
60
7
28
46
7
46
47
46
1
1
6
21
720
6
17
29
43
71
101
1
0
1
6
21
720
6
131770
214371
434284
998005
1315614
2505895
1
1
1
6
1
1
1
1
1
1
46
47
1
1
6
21
720
45
0
45
270
45
47
1
1
1
1
1
1
12
13
1
1
1
1
1
1
6
21
720
1
1
1
1
1
1
922
1
1
2
1
1
46
7
46
47
46
1
1
6
21
720
6
17
29
43
71
101
1
0
1
6
21
720
6
135425
220902
446227
1020104
1345605
2553610
1
1
1
6
1
1
1
1
1
1
46
47
1
1
6
21
720
45
0
45
270
45
47
1
1
1
1
1
1
12
13
1
1
1
1
1
1
6
21
720
1
1
1
1
1
1
922
1
1
2
1
1
46
7
46
47
46
1
1
6
21
720
6
17
29
43
71
101
1
0
1
6
21
720
6
139130
227531
458332
1042445
1375934
2601775
1
1
1
6
1
1
1
1
1
1
46
47
1
1
6
21
720
45
0
45
270
45
47
1
1
1
1
1
1
12
13
1
1
1
1
1
1
6
21
720
1
1
1
1
1
1
922
1
1
2
1
1
46
7
46
47
46
1
1
6
21
720
6
17
29
43
71
101
1
0
1
6
21
720
6
142885
234258
470599
1065028
1406601
2650390
1
1
1
6
1
1
1
1
1
1
46
47
1
1
6
21
720
45
0
45
270
45
47
1
1
1
1
1
1
12
13
1
1
1
1
1
1
6
21
720
1
1
1
1
1
1
922
1
1
2
1
1
46
7
46
47
46
1
1
6
21
720
6
17
29
43
71
101
1
0
1
6
21
720
6
1
1
1
6
1
1
1
1
1
1
46
47
1
1
6
21
720
45
0
45
270
45
47
1
1
1
1
1
1
12
13
1
1
1
1
1
1
6
21
720
1
12
1
1
1
1
46
7
46
47
46
1
1
6
21
720
6
17
29
43
71
101
1
0
1
6
21
720
6
146690
241083
483028
1087853
1437606
2699455
1
1
1
6
1
1
1
1
1
1
46
47
1
1
6
21
720
45
0
45
270
45
47
1
1
1
1
1
1
12
13
1
1
1
1
1
1
6
21
720
1
1
1
1
1
1
922
1
1
2
1
1
46
7
46
47
46
1
1
6
21
720
6
17
29
43
71
101
1
0
1
6
21
720
6
150545
248006
495619
1110920
1468949
2748970
1
1
1
6
1
1
1
1
1
1
46
47
1
1
6
21
720
45
0
45
270
45
47
1
1
1
1
1
1
12
13
1
1
1
1
1
1
6
21
720
1
1
1
1
1
1
922
1
1
2
1
1
46
7
46
47
46
1
1
6
21
720
6
17
29
43
71
101
1
0
1
6
21
720
6
154450
255027
508372
1134229
1500630
2798935
1
1
1
6
1
1
1
1
1
1
46
47
1
1
6
21
720
45
0
45
270
45
47
1
1
1
1
1
1
12
13
1
1
1
1
1
1
6
21
720
1
1
1
1
1
1
922
1
1
2
1
1
46
7
46
47
46
1
1
6
21
720
6
17
29
43
71
101
1
0
1
6
21
720
6
158405
262146
521287
1157780
1532649
2849350
1
1
1
6
1
1
1
1
1
1
46
47
1
1
6
21
720
45
0
45
270
45
47
1
1
1
1
1
1
12
13
1
1
1
1
1
1
6
21
720
1
1
1
1
1
1
922
1
1
2
1
1
46
7
46
47
46
1
1
6
21
720
6
17
29
43
71
101
1
0
1
6
21
720
6
162410
269363
534364
1181573
1565006
2900215
1
1
1
6
1
1
1
1
1
1
46
47
1
1
6
21
720
45
0
45
270
45
47
1
1
1
1
1
1
12
13
1
1
1
1
1
1
6
21
720
1
1
1
1
1
1
922
1
1
2
1
1
46
7
46
47
46
1
1
6
21
720
6
17
29
43
71
101
1
0
1
6
21
720
6
166465
276678
547603
1205608
1597701
2951530
1
1
1
6
1
1
1
1
1
1
46
47
1
1
6
21
720
45
0
45
270
45
47
1
1
1
1
1
1
12
13
1
1
1
1
1
1
6
21
720
1
1
1
1
1
1
922
1
1
2
1
1
46
7
46
47
46
1
1
6
21
720
6
17
29
43
71
101
1
0
1
6
21
720
6
170570
284091
561004
1229885
1630734
3003295
1
1
1
6
1
1
1
1
1
1
46
47
1
1
6
21
720
45
0
45
270
45
47
1
1
1
1
1
1
12
13
1
1
1
1
1
1
6
21
720
1
1
1
1
1
1
922
1
1
2
1
1
46
7
46
47
46
1
1
6
21
720
6
17
29
43
71
101
1
0
1
6
21
720
6
1
1
1
6
1
1
1
1
1
1
46
47
1
1
6
21
720
45
0
45
270
45
47
1
1
1
1
1
1
12
13
1
1
1
1
1
1
6
21
720
1
12
1
1
1
1
4998
-20
-13
-15065312
-15061621
-15065000
2
41
